100 200
0 42 66
0 83 59
1 35 59
1 95 15
3 30 58
4 56 6
4 19 97
4 53 84
5 11 83
5 19 22
5 35 22
5 0 64
6 44 30
6 62 8
7 74 49
7 29 49
7 71 87
9 10 14
9 60 85
10 15 61
11 43 58
11 11 18
11 37 28
11 63 96
12 65 61
12 13 98
13 80 92
13 20 74
13 21 8
14 41 21
14 19 17
14 57 69
14 23 22
15 45 89
17 10 67
17 19 95
17 70 4
18 11 94
19 99 20
19 77 57
20 64 54
20 15 57
21 27 5
21 93 2
21 85 49
22 49 79
22 66 29
22 97 31
22 87 70
23 92 26
23 53 36
24 24 89
24 26 10
25 9 32
25 42 62
25 44 66
25 95 84
26 26 35
26 62 76
26 95 95
28 3 60
28 18 12
28 55 71
28 26 76
28 28 10
29 56 73
29 1 60
31 12 42
31 61 69
31 63 34
32 23 5
33 81 59
33 57 58
33 72 69
34 20 7
35 75 62
36 29 28
36 86 86
37 1 61
37 38 97
38 4 10
38 14 27
39 12 40
40 75 71
40 63 97
42 37 17
42 29 80
42 95 40
43 98 29
43 36 0
43 5 2
44 20 2
45 41 14
45 76 6
46 10 68
47 50 3
47 45 58
48 77 26
48 94 9
48 7 98
51 21 30
52 77 39
53 17 3
53 36 45
53 85 3
53 30 15
54 75 63
54 84 63
54 54 84
55 53 38
55 93 87
56 85 35
56 45 94
57 25 95
57 60 16
58 69 62
58 78 3
59 66 44
61 33 34
62 41 9
62 50 85
62 26 84
63 19 60
63 67 42
63 70 60
64 12 97
64 4 49
65 1 10
65 8 80
65 77 67
65 80 91
65 18 87
65 83 89
66 31 33
67 4 88
67 13 37
67 84 8
68 65 27
68 99 90
68 5 11
68 72 77
68 49 24
69 13 99
69 82 59
69 45 48
70 10 48
70 91 85
72 57 77
72 91 78
72 30 72
74 35 88
74 46 34
75 46 64
75 26 94
75 45 6
75 94 85
76 36 95
76 15 24
76 16 17
76 47 38
76 51 63
77 40 72
77 34 74
77 5 18
77 70 47
78 89 95
80 85 27
81 0 3
82 17 33
83 25 66
84 89 77
84 43 10
85 73 74
85 1 68
85 59 75
85 13 48
88 66 4
88 45 10
89 92 39
89 22 74
89 30 33
90 50 41
90 91 15
90 86 9
91 91 97
91 15 41
92 28 69
94 20 8
96 19 49
96 20 72
96 21 13
96 38 79
97 98 35
98 80 71
98 83 78
99 96 25
99 65 39
99 73 87
99 46 39
99 90 72
